port: [0.55, 0, 0, 6.953348119274109e-310, 0, 6.953348126620272e-310]
starboard: [0.5, 0, 0, 6.953348119274109e-310, 4.358133299339802e-317, 4.358157014490802e-317]
front_heading: [0, -0.55, 0, 6.953348119274109e-310, 4.358133299339802e-317, 4.358157014490802e-317]
back_heading: [0, -0.45, 0, 6.953348119274109e-310, 4.358133299339802e-317, 4.358157014490802e-317]
front_depth: [0, 0, 0.5, 6.953348119274109e-310, 4.358133299339802e-317, 4.358157014490802e-317]
back_depth: [0, 0, 0.5, 6.953348119274109e-310, 4.358133299339802e-317, 4.358157014490802e-317]