XQ0: 44.81983798786214
XQ1: -44.60999588098373
YQ0: 158.5349667126864
YQ1: -158.0335439516948
ZQ0: 44.81983798786214
ZQ1: -44.60999588098373
RQ0: 0
RQ1: 0
PQ0: 0
PQ1: 0
EQ0: 2.096045683518615
EQ1: -1.884107281737625